data,type,fips,RMSE,FIPS,Population,Relative RMSE
train,Predicted,45001,95.745,45001,25417.0,0.0037669669905968446
train,Forecast,45001,132.289,45001,25417.0,0.00520474485580517
test,Predicted,45001,124.644,45001,25417.0,0.004903961915253571
test,Forecast,45001,168.451,45001,25417.0,0.006627493409922493
train,Predicted,45059,105.789,45059,66537.0,0.0015899274088101358
train,Forecast,45059,147.72,45059,66537.0,0.002220118129762388
test,Predicted,45059,130.665,45059,66537.0,0.0019637945804589925
test,Forecast,45059,191.778,45059,66537.0,0.0028822760268722666
train,Predicted,45061,27.516,45061,19220.0,0.001431633714880333
train,Forecast,45061,34.404,45061,19220.0,0.0017900104058272634
test,Predicted,45061,123.094,45061,19220.0,0.006404474505723205
test,Forecast,45061,159.568,45061,19220.0,0.008302185223725287
train,Predicted,45063,190.706,45063,262391.0,0.0007268008430167193
train,Forecast,45063,240.506,45063,262391.0,0.0009165939380542778
test,Predicted,45063,771.121,45063,262391.0,0.0029388241212541587
test,Forecast,45063,841.116,45063,262391.0,0.0032055825085464057
train,Predicted,45009,10.962,45009,15987.0,0.0006856821167198348
train,Forecast,45009,14.816,45009,15987.0,0.0009267529868017764
test,Predicted,45009,59.644,45009,15987.0,0.003730781259773566
test,Forecast,45009,92.139,45009,15987.0,0.005763370238318633
train,Predicted,45065,56.885,45065,10233.0,0.005558975862405942
train,Forecast,45065,80.149,45065,10233.0,0.007832404964331087
test,Predicted,45065,109.958,45065,10233.0,0.010745431447278412
test,Forecast,45065,135.234,45065,10233.0,0.013215479331574319
train,Predicted,45067,59.602,45067,33062.0,0.0018027342568507651
train,Forecast,45067,71.274,45067,33062.0,0.002155767951122134
test,Predicted,45067,372.514,45067,33062.0,0.011267134474623436
test,Forecast,45067,436.982,45067,33062.0,0.013217046760631542
train,Predicted,45069,42.578,45069,28933.0,0.0014716068157467252
train,Forecast,45069,64.244,45069,28933.0,0.0022204403276535442
test,Predicted,45069,92.054,45069,28933.0,0.0031816265164345213
test,Forecast,45069,157.917,45069,28933.0,0.005458023709950575
train,Predicted,45007,792.48,45007,187126.0,0.004235007428150017
train,Forecast,45007,936.9,45007,187126.0,0.005006786870878446
test,Predicted,45007,878.832,45007,187126.0,0.004696471895941772
test,Forecast,45007,1032.259,45007,187126.0,0.005516384681978987
train,Predicted,45071,42.318,45071,37508.0,0.0011282393089474246
train,Forecast,45071,66.215,45071,37508.0,0.0017653567238989016
test,Predicted,45071,52.402,45071,37508.0,0.0013970886210941667
test,Forecast,45071,77.883,45071,37508.0,0.002076437026767623
train,Predicted,45073,1187.921,45073,74273.0,0.01599398166224604
train,Forecast,45073,1232.286,45073,74273.0,0.016591305050287455
test,Predicted,45073,502.895,45073,74273.0,0.006770899250063953
test,Forecast,45073,536.597,45073,74273.0,0.007224657681795538
train,Predicted,45075,143.764,45075,92501.0,0.0015541886033664503
train,Forecast,45075,176.338,45075,92501.0,0.001906336147717322
test,Predicted,45075,274.103,45075,92501.0,0.002963243640609291
test,Forecast,45075,351.876,45075,92501.0,0.0038040237402838886
train,Predicted,45077,1472.625,45077,119224.0,0.012351749647721936
train,Forecast,45077,1576.759,45077,119224.0,0.013225181171576193
test,Predicted,45077,514.718,45077,119224.0,0.004317234784942629
test,Forecast,45077,600.358,45077,119224.0,0.005035546534254848
train,Predicted,45005,25.8,45005,10419.0,0.0024762453210480854
train,Forecast,45005,31.776,45005,10419.0,0.0030498128419234093
test,Predicted,45005,69.255,45005,10419.0,0.0066469910739994234
test,Forecast,45005,91.545,45005,10419.0,0.008786351857183992
train,Predicted,45079,271.404,45079,384504.0,0.0007058548155545846
train,Forecast,45079,337.688,45079,384504.0,0.0008782431392131161
test,Predicted,45079,839.916,45079,384504.0,0.0021844142063541603
test,Forecast,45079,950.72,45079,384504.0,0.002472588061502611
train,Predicted,45081,133.353,45081,19875.0,0.006709584905660378
train,Forecast,45081,157.755,45081,19875.0,0.007937358490566038
test,Predicted,45081,133.521,45081,19875.0,0.006718037735849056
test,Forecast,45081,167.077,45081,19875.0,0.008406389937106918
train,Predicted,45083,1052.711,45083,284307.0,0.0037027262782836864
train,Forecast,45083,1208.84,45083,284307.0,0.004251882647982638
test,Predicted,45083,719.809,45083,284307.0,0.0025318018902102304
test,Forecast,45083,883.496,45083,284307.0,0.0031075421991016753
train,Predicted,45085,314.758,45085,107456.0,0.0029291803156640856
train,Forecast,45085,356.434,45085,107456.0,0.0033170227814175108
test,Predicted,45085,813.843,45085,107456.0,0.0075737325044669445
test,Forecast,45085,851.647,45085,107456.0,0.00792554161703395
train,Predicted,45003,156.15,45003,160099.0,0.0009753340120800255
train,Forecast,45003,189.955,45003,160099.0,0.0011864846126459253
test,Predicted,45003,422.047,45003,160099.0,0.0026361626243761676
test,Forecast,45003,503.976,45003,160099.0,0.0031479022354917894
train,Predicted,45087,19.187,45087,28961.0,0.0006625116536031215
train,Forecast,45087,26.524,45087,28961.0,0.0009158523531646007
test,Predicted,45087,18.864,45087,28961.0,0.0006513587238009738
test,Forecast,45087,27.549,45087,28961.0,0.0009512447774593419
train,Predicted,45057,107.195,45057,76652.0,0.0013984631842613368
train,Forecast,45057,147.259,45057,76652.0,0.0019211370870949223
test,Predicted,45057,199.004,45057,76652.0,0.0025962010123675833
test,Forecast,45057,265.74,45057,76652.0,0.003466837134060429
train,Predicted,45089,42.717,45089,34423.0,0.001240943555181129
train,Forecast,45089,58.284,45089,34423.0,0.0016931702640676292
test,Predicted,45089,169.936,45089,34423.0,0.004936699299886704
test,Forecast,45089,213.737,45089,34423.0,0.0062091334282311245
train,Predicted,45011,43.393,45011,22621.0,0.0019182617921400468
train,Forecast,45011,52.273,45011,22621.0,0.0023108173820786
test,Predicted,45011,121.147,45011,22621.0,0.005355510366473631
test,Forecast,45011,153.356,45011,22621.0,0.0067793643075018785
train,Predicted,45053,107.366,45053,24777.0,0.004333292973322032
train,Forecast,45053,134.78,45053,24777.0,0.0054397223231222504
test,Predicted,45053,178.397,45053,24777.0,0.007200104936029381
test,Forecast,45053,223.408,45053,24777.0,0.009016749404689833
train,Predicted,45023,58.065,45023,33140.0,0.0017521122510561254
train,Forecast,45023,76.066,45023,33140.0,0.002295292697646349
test,Predicted,45023,75.662,45023,33140.0,0.002283101991550996
test,Forecast,45023,100.24,45023,33140.0,0.003024743512371756
train,Predicted,45025,97.564,45025,46734.0,0.0020876449694012924
train,Forecast,45025,133.522,45025,46734.0,0.002857063379980314
test,Predicted,45025,281.287,45025,46734.0,0.0060188941669876315
test,Forecast,45025,342.251,45025,46734.0,0.007323383403945735
train,Predicted,45019,522.628,45019,350209.0,0.0014923317219146283
train,Forecast,45019,637.71,45019,350209.0,0.001820941209392106
test,Predicted,45019,4083.475,45019,350209.0,0.011660108677960874
test,Forecast,45019,4161.556,45019,350209.0,0.011883064113143865
train,Predicted,45027,39.111,45027,34971.0,0.0011183838037230848
train,Forecast,45027,52.364,45027,34971.0,0.0014973549512453175
test,Predicted,45027,167.907,45027,34971.0,0.004801321094621258
test,Forecast,45027,206.327,45027,34971.0,0.005899945669268823
train,Predicted,45029,171.029,45029,38892.0,0.004397536768487092
train,Forecast,45029,254.644,45029,38892.0,0.0065474647742466315
test,Predicted,45029,393.713,45029,38892.0,0.010123238712331586
test,Forecast,45029,476.464,45029,38892.0,0.012250951352463232
train,Predicted,45031,101.673,45031,68681.0,0.001480365748897075
train,Forecast,45031,135.078,45031,68681.0,0.0019667448056958983
test,Predicted,45031,560.731,45031,68681.0,0.008164281242264964
test,Forecast,45031,622.387,45031,68681.0,0.009061996767665002
train,Predicted,45033,17.374,45033,32062.0,0.0005418875927889713
train,Forecast,45033,26.013,45033,32062.0,0.0008113342898134864
test,Predicted,45033,369.751,45033,32062.0,0.011532374773875616
test,Forecast,45033,436.282,45033,32062.0,0.013607448069365603
train,Predicted,45017,56.407,45017,15175.0,0.0037171004942339373
train,Forecast,45017,69.679,45017,15175.0,0.00459169686985173
test,Predicted,45017,60.799,45017,15175.0,0.0040065238879736405
test,Forecast,45017,84.218,45017,15175.0,0.005549785831960461
train,Predicted,45035,193.617,45035,136555.0,0.0014178682582109772
train,Forecast,45035,205.272,45035,136555.0,0.001503218483394969
test,Predicted,45035,1191.938,45035,136555.0,0.008728629489949105
test,Forecast,45035,1252.95,45035,136555.0,0.009175423821903263
train,Predicted,45037,27.288,45037,26985.0,0.0010112284602556976
train,Forecast,45037,33.563,45037,26985.0,0.0012437650546599963
test,Predicted,45037,63.636,45037,26985.0,0.0023581989994441357
test,Forecast,45037,92.082,45037,26985.0,0.0034123401889938855
train,Predicted,45039,54.762,45039,23956.0,0.0022859408916346634
train,Forecast,45039,73.778,45039,23956.0,0.0030797295040908335
test,Predicted,45039,59.077,45039,23956.0,0.002466062781766572
test,Forecast,45039,84.981,45039,23956.0,0.00354737852730005
train,Predicted,45041,112.684,45041,136885.0,0.0008232019578478285
train,Forecast,45041,139.333,45041,136885.0,0.0010178836249406435
test,Predicted,45041,1576.698,45041,136885.0,0.011518413266610659
test,Forecast,45041,1621.859,45041,136885.0,0.011848332541914745
train,Predicted,45015,172.68,45015,177843.0,0.0009709687758303673
train,Forecast,45015,201.096,45015,177843.0,0.001130750156036504
test,Predicted,45015,827.205,45015,177843.0,0.004651321671361819
test,Forecast,45015,880.886,45015,177843.0,0.0049531665570193934
train,Predicted,45043,76.692,45043,60158.0,0.0012748429136606933
train,Forecast,45043,117.136,45043,60158.0,0.0019471392001063864
test,Predicted,45043,474.078,45043,60158.0,0.007880547890554871
test,Forecast,45043,517.765,45043,60158.0,0.008606752219156221
train,Predicted,45045,3455.657,45045,451225.0,0.007658389938500748
train,Forecast,45045,3638.566,45045,451225.0,0.008063750900326887
test,Predicted,45045,1585.082,45045,451225.0,0.003512841708681922
test,Forecast,45045,1747.039,45045,451225.0,0.003871769073078841
train,Predicted,45047,88.764,45047,69661.0,0.0012742280472574324
train,Forecast,45047,120.865,45047,69661.0,0.001735045434317624
test,Predicted,45047,339.524,45047,69661.0,0.00487394668465856
test,Forecast,45047,393.955,45047,69661.0,0.005655316461147557
train,Predicted,45013,388.725,45013,162233.0,0.0023960908076655183
train,Forecast,45013,591.997,45013,162233.0,0.0036490541381839696
test,Predicted,45013,1599.413,45013,162233.0,0.009858740206986249
test,Forecast,45013,1720.884,45013,162233.0,0.01060748429727614
train,Predicted,45049,25.504,45049,21090.0,0.0012092935040303463
train,Forecast,45049,34.851,45049,21090.0,0.0016524893314366997
test,Predicted,45049,145.126,45049,21090.0,0.0068812707444286395
test,Forecast,45049,211.157,45049,21090.0,0.010012185870080608
train,Predicted,45051,228.103,45051,269291.0,0.0008470502170514425
train,Forecast,45051,282.259,45051,269291.0,0.001048156083938936
test,Predicted,45051,4968.713,45051,269291.0,0.018451091941431387
test,Forecast,45051,4983.356,45051,269291.0,0.018505468062430603
train,Predicted,45055,77.557,45055,61697.0,0.0012570627421106375
train,Forecast,45055,104.241,45055,61697.0,0.0016895635120022044
test,Predicted,45055,100.43,45055,61697.0,0.0016277938959754932
test,Forecast,45055,141.015,45055,61697.0,0.002285605458936415
train,Predicted,45091,193.632,45091,226073.0,0.0008565021033029155
train,Forecast,45091,279.706,45091,226073.0,0.0012372375294705694
test,Predicted,45091,182.895,45091,226073.0,0.0008090085945690109
test,Forecast,45091,253.744,45091,226073.0,0.0011223985172930868
train,Predicted,45021,163.684,45021,55342.0,0.002957681327021069
train,Forecast,45021,192.96,45021,55342.0,0.0034866828087167074
test,Predicted,45021,69.999,45021,55342.0,0.0012648440605688264
test,Forecast,45021,88.931,45021,55342.0,0.0016069350583643525
