data,type,fips,RMSE,FIPS,Population,Relative RMSE
train,Predicted,23001,1092.5,23001,107702.0,0.010143729921449927
train,Forecast,23001,1229.47,23001,107702.0,0.011415479749679672
test,Predicted,23001,871.929,23001,107702.0,0.008095754953482758
test,Forecast,23001,966.034,23001,107702.0,0.008969508458524447
train,Predicted,23005,2561.768,23005,281674.0,0.009094797531898577
train,Forecast,23005,2833.097,23005,281674.0,0.010058070677449819
test,Predicted,23005,3096.01,23005,281674.0,0.010991465310962319
test,Forecast,23005,3230.768,23005,281674.0,0.011469883624331675
train,Predicted,23007,808.076,23007,30768.0,0.026263520540821633
train,Forecast,23007,942.143,23007,30768.0,0.030620872334893398
test,Predicted,23007,504.238,23007,30768.0,0.016388390535621425
test,Forecast,23007,602.45,23007,30768.0,0.019580408216328653
train,Predicted,23009,414.437,23009,54418.0,0.007615807269653423
train,Forecast,23009,629.094,23009,54418.0,0.011560402807894448
test,Predicted,23009,1099.117,23009,54418.0,0.0201976735638943
test,Forecast,23009,1390.091,23009,54418.0,0.025544691094858317
train,Predicted,23011,1720.434,23011,122151.0,0.01408448559569713
train,Forecast,23011,1796.437,23011,122151.0,0.014706690898969308
test,Predicted,23011,1951.897,23011,122151.0,0.015979377982988267
test,Forecast,23011,1988.312,23011,122151.0,0.01627749261160367
train,Predicted,23013,303.67,23013,39736.0,0.007642188443728609
train,Forecast,23013,445.208,23013,39736.0,0.011204147372659554
test,Predicted,23013,688.823,23013,39736.0,0.01733498590698611
test,Forecast,23013,751.92,23013,39736.0,0.018922891081135495
train,Predicted,23015,420.254,23015,34457.0,0.012196476768145805
train,Forecast,23015,638.569,23015,34457.0,0.01853234466146211
test,Predicted,23015,833.105,23015,34457.0,0.024178106045215777
test,Forecast,23015,999.123,23015,34457.0,0.028996227181704734
train,Predicted,23017,1283.958,23017,57833.0,0.022201130842252694
train,Forecast,23017,1387.342,23017,57833.0,0.023988760742136843
test,Predicted,23017,627.195,23017,57833.0,0.01084493282382031
test,Forecast,23017,710.604,23017,57833.0,0.012287171683986652
train,Predicted,23019,1101.626,23019,153923.0,0.007156994081456312
train,Forecast,23019,1438.966,23019,153923.0,0.009348609369619874
test,Predicted,23019,2523.392,23019,153923.0,0.016393859267295984
test,Forecast,23019,2719.174,23019,153923.0,0.017665806929438744
train,Predicted,23021,373.572,23021,17535.0,0.0213043627031651
train,Forecast,23021,582.942,23021,17535.0,0.03324448246364414
test,Predicted,23021,389.917,23021,17535.0,0.02223649843170801
test,Forecast,23021,576.93,23021,17535.0,0.032901625320787
train,Predicted,23023,337.943,23023,35293.0,0.009575354886238063
train,Forecast,23023,639.543,23023,35293.0,0.018120958830362962
test,Predicted,23023,527.712,23023,35293.0,0.01495231348992718
test,Forecast,23023,695.424,23023,35293.0,0.019704303969625706
train,Predicted,23025,732.528,23025,52228.0,0.014025580148579306
train,Forecast,23025,954.34,23025,52228.0,0.018272574098184884
test,Predicted,23025,780.162,23025,52228.0,0.014937619667611243
test,Forecast,23025,905.764,23025,52228.0,0.017342498276786397
train,Predicted,23027,481.098,23027,38786.0,0.012403908626824112
train,Forecast,23027,669.809,23027,38786.0,0.01726934976537926
test,Predicted,23027,1043.756,23027,38786.0,0.0269106378590213
test,Forecast,23027,1131.797,23027,38786.0,0.029180554839375032
train,Predicted,23029,118.211,23029,32856.0,0.0035978512296079863
train,Forecast,23029,173.921,23029,32856.0,0.005293431945458972
test,Predicted,23029,208.753,23029,32856.0,0.0063535731677623565
test,Forecast,23029,314.726,23029,32856.0,0.009578950572193816
train,Predicted,23031,1521.579,23031,197131.0,0.007718618583581476
train,Forecast,23031,1792.221,23031,197131.0,0.009091522895942292
test,Predicted,23031,2346.112,23031,197131.0,0.011901283917800853
test,Forecast,23031,2494.501,23031,197131.0,0.012654027017567
train,Predicted,23003,731.132,23003,71870.0,0.010172978989842771
train,Forecast,23003,824.692,23003,71870.0,0.011474773897314597
test,Predicted,23003,315.399,23003,71870.0,0.004388465284541533
test,Forecast,23003,375.749,23003,71870.0,0.005228175873104216
