data,type,fips,RMSE,FIPS,Population,Relative RMSE
train,Predicted,4001,81.563,4001,71518.0,0.0011404541514024441
train,Forecast,4001,90.112,4001,71518.0,0.001259990491904136
test,Predicted,4001,17.024,4001,71518.0,0.00023803797645348024
test,Forecast,4001,23.031,4001,71518.0,0.00032203081741659443
train,Predicted,4011,0.0,4011,8437.0,0.0
train,Forecast,4011,0.0,4011,8437.0,0.0
test,Predicted,4011,0.0,4011,8437.0,0.0
test,Forecast,4011,0.0,4011,8437.0,0.0
train,Predicted,4013,2198.385,4013,3817117.0,0.0005759281153813206
train,Forecast,4013,2434.099,4013,3817117.0,0.0006376799558410183
test,Predicted,4013,1433.185,4013,3817117.0,0.00037546268558181475
test,Forecast,4013,1596.041,4013,3817117.0,0.0004181273458476646
train,Predicted,4015,327.028,4015,200186.0,0.001633620732718572
train,Forecast,4015,390.704,4015,200186.0,0.0019517049144295805
test,Predicted,4015,124.955,4015,200186.0,0.0006241944991158222
test,Forecast,4015,148.566,4015,200186.0,0.0007421398099767217
train,Predicted,4009,0.02,4009,37220.0,5.373455131649651e-07
train,Forecast,4009,0.019,4009,37220.0,5.104782375067168e-07
test,Predicted,4009,0.151,4009,37220.0,4.056958624395487e-06
test,Forecast,4009,0.24,4009,37220.0,6.448146157979581e-06
train,Predicted,4017,425.666,4017,107449.0,0.003961563160196931
train,Forecast,4017,495.705,4017,107449.0,0.004613397984159927
test,Predicted,4017,291.445,4017,107449.0,0.002712403093560666
test,Forecast,4017,353.272,4017,107449.0,0.0032878109614793995
train,Predicted,4019,780.522,4019,980263.0,0.0007962373363066851
train,Forecast,4019,866.093,4019,980263.0,0.0008835312564077191
test,Predicted,4019,721.238,4019,980263.0,0.0007357596889814265
test,Forecast,4019,769.474,4019,980263.0,0.0007849668915382913
train,Predicted,4007,175.537,4007,53597.0,0.003275127339216747
train,Forecast,4007,245.502,4007,53597.0,0.004580517566281695
test,Predicted,4007,106.127,4007,53597.0,0.001980092169337836
test,Forecast,4007,160.049,4007,53597.0,0.0029861559415638936
train,Predicted,4021,500.197,4021,375770.0,0.00133112542246587
train,Forecast,4021,542.914,4021,375770.0,0.0014448040024483062
test,Predicted,4021,223.492,4021,375770.0,0.0005947574314075099
test,Forecast,4021,262.597,4021,375770.0,0.0006988237485696037
train,Predicted,4005,202.378,4005,134421.0,0.0015055534477499794
train,Forecast,4005,256.517,4005,134421.0,0.0019083104574434053
test,Predicted,4005,173.182,4005,134421.0,0.0012883552421124674
test,Forecast,4005,216.53,4005,134421.0,0.0016108346166149635
train,Predicted,4023,34.431,4023,47420.0,0.000726086039645719
train,Forecast,4023,49.726,4023,47420.0,0.0010486292703500632
test,Predicted,4023,39.915,4023,47420.0,0.0008417334458034584
test,Forecast,4023,55.516,4023,47420.0,0.0011707296499367354
train,Predicted,4025,262.953,4025,211033.0,0.0012460278724180577
train,Forecast,4025,319.857,4025,211033.0,0.001515672904237726
test,Predicted,4025,263.337,4025,211033.0,0.0012478474930461112
test,Forecast,4025,338.912,4025,211033.0,0.0016059668393094918
train,Predicted,4003,60.14,4003,131346.0,0.00045787462122942455
train,Forecast,4003,75.844,4003,131346.0,0.000577436693922921
test,Predicted,4003,55.457,4003,131346.0,0.0004222206995264416
test,Forecast,4003,67.342,4003,131346.0,0.0005127068962891904
train,Predicted,4027,98.03,4027,195751.0,0.000500789267998631
train,Forecast,4027,136.337,4027,195751.0,0.0006964817548824782
test,Predicted,4027,154.097,4027,195751.0,0.0007872092607445173
test,Forecast,4027,204.882,4027,195751.0,0.0010466459941456238
train,Predicted,4012,32.197,4012,20489.0,0.0015714285714285715
train,Forecast,4012,52.088,4012,20489.0,0.0025422421787300504
test,Predicted,4012,96.19,4012,20489.0,0.004694714236907609
test,Forecast,4012,131.051,4012,20489.0,0.006396163795207184
