data,type,fips,RMSE,FIPS,Population,Relative RMSE
train,Predicted,23001,1202.561,23001,107702.0,0.011165632950177341
train,Forecast,23001,1351.152,23001,107702.0,0.012545282353159645
test,Predicted,23001,711.723,23001,107702.0,0.006608261685019776
test,Forecast,23001,793.163,23001,107702.0,0.00736442220200182
train,Predicted,23005,2036.181,23005,281674.0,0.007228856763492548
train,Forecast,23005,2346.123,23005,281674.0,0.00832921391395727
test,Predicted,23005,3349.661,23005,281674.0,0.011891977960337127
test,Forecast,23005,3499.674,23005,281674.0,0.012424554626980127
train,Predicted,23007,793.558,23007,30768.0,0.025791666666666668
train,Forecast,23007,977.943,23007,30768.0,0.03178441887675507
test,Predicted,23007,283.795,23007,30768.0,0.00922370644825793
test,Forecast,23007,431.97,23007,30768.0,0.01403958658346334
train,Predicted,23009,780.223,23009,54418.0,0.014337590503142341
train,Forecast,23009,1218.261,23009,54418.0,0.022387096181410562
test,Predicted,23009,1000.61,23009,54418.0,0.018387482083134257
test,Forecast,23009,1330.355,23009,54418.0,0.02444696607740086
train,Predicted,23011,1962.847,23011,122151.0,0.016069021129585512
train,Forecast,23011,2120.147,23011,122151.0,0.017356771536868303
test,Predicted,23011,1699.899,23011,122151.0,0.013916373996119556
test,Forecast,23011,1785.221,23011,122151.0,0.014614870119769793
train,Predicted,23013,370.683,23013,39736.0,0.00932864405073485
train,Forecast,23013,538.861,23013,39736.0,0.013561027783370243
test,Predicted,23013,649.566,23013,39736.0,0.016347040467082748
test,Forecast,23013,750.477,23013,39736.0,0.01888657640426817
train,Predicted,23015,579.285,23015,34457.0,0.01681182343210378
train,Forecast,23015,851.71,23015,34457.0,0.02471805438662681
test,Predicted,23015,764.587,23015,34457.0,0.022189598630176742
test,Forecast,23015,980.248,23015,34457.0,0.028448442986911224
train,Predicted,23017,894.76,23017,57833.0,0.015471443639444608
train,Forecast,23017,1103.329,23017,57833.0,0.019077844829076825
test,Predicted,23017,470.977,23017,57833.0,0.008143741462486816
test,Forecast,23017,622.732,23017,57833.0,0.010767762350215275
train,Predicted,23019,2719.44,23019,153923.0,0.017667535066234415
train,Forecast,23019,2986.3,23019,153923.0,0.01940125907109399
test,Predicted,23019,2117.878,23019,153923.0,0.013759334212560826
test,Forecast,23019,2294.639,23019,153923.0,0.014907707100303398
train,Predicted,23021,453.963,23021,17535.0,0.02588896492728828
train,Forecast,23021,646.102,23021,17535.0,0.036846421442828625
test,Predicted,23021,376.82,23021,17535.0,0.021489592244083262
test,Forecast,23021,542.53,23021,17535.0,0.03093983461648132
train,Predicted,23023,404.013,23023,35293.0,0.011447397500920862
train,Forecast,23023,635.839,23023,35293.0,0.018016008840279943
test,Predicted,23023,596.822,23023,35293.0,0.016910492165585243
test,Forecast,23023,716.517,23023,35293.0,0.020301957895333355
train,Predicted,23025,1105.077,23025,52228.0,0.021158707972734933
train,Forecast,23025,1246.325,23025,52228.0,0.023863157693191393
test,Predicted,23025,578.852,23025,52228.0,0.011083173776518343
test,Forecast,23025,675.415,23025,52228.0,0.012932047943631769
train,Predicted,23027,886.969,23027,38786.0,0.022868277213427525
train,Forecast,23027,1067.626,23027,38786.0,0.027526066106327025
test,Predicted,23027,815.129,23027,38786.0,0.021016062496777187
test,Forecast,23027,967.126,23027,38786.0,0.024934924972928374
train,Predicted,23029,253.086,23029,32856.0,0.007702885317750183
train,Forecast,23029,378.235,23029,32856.0,0.011511900413927441
test,Predicted,23029,148.48,23029,32856.0,0.004519113708302897
test,Forecast,23029,256.694,23029,32856.0,0.007812697832968105
train,Predicted,23031,1397.438,23031,197131.0,0.007088879983361319
train,Forecast,23031,1676.686,23031,197131.0,0.008505440544612466
test,Predicted,23031,2529.063,23031,197131.0,0.012829352055232309
test,Forecast,23031,2684.68,23031,197131.0,0.013618761128386706
train,Predicted,23003,515.646,23003,71870.0,0.007174704327257548
train,Forecast,23003,633.719,23003,71870.0,0.008817573396410186
test,Predicted,23003,294.807,23003,71870.0,0.0041019479615973286
test,Forecast,23003,380.912,23003,71870.0,0.005300013914011409
