data,type,fips,RMSE,FIPS,Population,Relative RMSE
train,Predicted,31001,0.055,31001,31364.0,1.7536028567784722e-06
train,Forecast,31001,0.055,31001,31364.0,1.7536028567784722e-06
test,Predicted,31001,0.0,31001,31364.0,0.0
test,Forecast,31001,0.0,31001,31364.0,0.0
train,Predicted,31133,46.253,31133,2773.0,0.01667976920302921
train,Forecast,31133,53.14,31133,2773.0,0.019163360980887126
test,Predicted,31133,14.901,31133,2773.0,0.005373602596465922
test,Forecast,31133,19.345,31133,2773.0,0.006976199062387306
train,Predicted,31131,14.604,31131,15740.0,0.0009278271918678525
train,Forecast,31131,22.919,31131,15740.0,0.0014560991105463787
test,Predicted,31131,10.402,31131,15740.0,0.000660864040660737
test,Forecast,31131,17.812,31131,15740.0,0.0011316391359593393
train,Predicted,31127,17.118,31127,7248.0,0.002361754966887417
train,Forecast,31127,23.052,31127,7248.0,0.00318046357615894
test,Predicted,31127,7.023,31127,7248.0,0.000968956953642384
test,Forecast,31127,10.337,31127,7248.0,0.0014261865342163355
train,Predicted,31123,3.94,31123,5042.0,0.0007814359381197937
train,Forecast,31123,3.942,31123,5042.0,0.0007818326061086871
test,Predicted,31123,3.545,31123,5042.0,0.0007030940103133677
test,Forecast,31123,3.546,31123,5042.0,0.0007032923443078144
train,Predicted,31119,118.131,31119,34876.0,0.0033871716940016058
train,Forecast,31119,125.987,31119,34876.0,0.0036124268838169512
test,Predicted,31119,14.348,31119,34876.0,0.0004114003899529763
test,Forecast,31119,20.057,31119,34876.0,0.0005750946209427686
train,Predicted,31005,0.195,31005,460.0,0.00042391304347826086
train,Forecast,31005,0.195,31005,460.0,0.00042391304347826086
test,Predicted,31005,0.0,31005,460.0,0.0
test,Forecast,31005,0.0,31005,460.0,0.0
train,Predicted,31117,0.075,31117,539.0,0.0001391465677179963
train,Forecast,31117,0.075,31117,539.0,0.0001391465677179963
test,Predicted,31117,0.0,31117,539.0,0.0
test,Forecast,31117,0.0,31117,539.0,0.0
train,Predicted,31115,0.115,31115,632.0,0.0001819620253164557
train,Forecast,31115,0.115,31115,632.0,0.0001819620253164557
test,Predicted,31115,0.0,31115,632.0,0.0
test,Forecast,31115,0.0,31115,632.0,0.0
train,Predicted,31111,6.762,31111,36288.0,0.00018634259259259258
train,Forecast,31111,6.764,31111,36288.0,0.00018639770723104056
test,Predicted,31111,0.788,31111,36288.0,2.1715167548500882e-05
test,Forecast,31111,0.789,31111,36288.0,2.1742724867724868e-05
train,Predicted,31109,109.832,31109,285407.0,0.00038482588023419184
train,Forecast,31109,62.951,31109,285407.0,0.00022056571843017165
test,Predicted,31109,0.66,31109,285407.0,2.3124870798543836e-06
test,Forecast,31109,0.465,31109,285407.0,1.6292522608064974e-06
train,Predicted,31107,3.824,31107,8701.0,0.000439489713825997
train,Forecast,31107,4.242,31107,8701.0,0.0004875301689460982
test,Predicted,31107,5.338,31107,8701.0,0.0006134927019882772
test,Forecast,31107,9.238,31107,8701.0,0.0010617170440179288
train,Predicted,31105,0.116,31105,3821.0,3.0358544883538344e-05
train,Forecast,31105,0.116,31105,3821.0,3.0358544883538344e-05
test,Predicted,31105,0.031,31105,3821.0,8.113059408531798e-06
test,Forecast,31105,0.032,31105,3821.0,8.374771002355404e-06
train,Predicted,31103,0.115,31103,824.0,0.0001395631067961165
train,Forecast,31103,0.115,31103,824.0,0.0001395631067961165
test,Predicted,31103,0.0,31103,824.0,0.0
test,Forecast,31103,0.0,31103,824.0,0.0
train,Predicted,31101,15.5,31101,8368.0,0.0018522944550669216
train,Forecast,31101,15.511,31101,8368.0,0.0018536089866156788
test,Predicted,31101,38.887,31101,8368.0,0.0046471080305927346
test,Forecast,31101,38.901,31101,8368.0,0.004648781070745699
train,Predicted,31099,0.991,31099,6489.0,0.00015271998767144398
train,Forecast,31099,0.992,31099,6489.0,0.00015287409462166744
test,Predicted,31099,0.0,31099,6489.0,0.0
test,Forecast,31099,0.0,31099,6489.0,0.0
train,Predicted,31135,1.837,31135,2970.0,0.0006185185185185185
train,Forecast,31135,2.547,31135,2970.0,0.0008575757575757576
test,Predicted,31135,3.073,31135,2970.0,0.0010346801346801347
test,Forecast,31135,5.106,31135,2970.0,0.001719191919191919
train,Predicted,31137,0.995,31137,9188.0,0.00010829342620809752
train,Forecast,31137,0.995,31137,9188.0,0.00010829342620809752
test,Predicted,31137,0.0,31137,9188.0,0.0
test,Forecast,31137,0.0,31137,9188.0,0.0
train,Predicted,31139,37.37,31139,7266.0,0.005143132397467658
train,Forecast,31139,37.39,31139,7266.0,0.005145884943572805
test,Predicted,31139,0.001,31139,7266.0,1.3762730525736306e-07
test,Forecast,31139,0.0,31139,7266.0,0.0
train,Predicted,31145,28.246,31145,11055.0,0.0025550429669832656
train,Forecast,31145,33.448,31145,11055.0,0.003025599276345545
test,Predicted,31145,12.08,31145,11055.0,0.0010927182270465852
test,Forecast,31145,16.259,31145,11055.0,0.0014707372229760289
train,Predicted,31177,248.954,31177,20234.0,0.012303746169813187
train,Forecast,31177,315.274,31177,20234.0,0.015581397647523969
test,Predicted,31177,73.075,31177,20234.0,0.003611495502619354
test,Forecast,31177,109.471,31177,20234.0,0.005410250074132648
train,Predicted,31175,0.01,31175,4260.0,2.3474178403755868e-06
train,Forecast,31175,0.01,31175,4260.0,2.3474178403755868e-06
test,Predicted,31175,0.0,31175,4260.0,0.0
test,Forecast,31175,0.0,31175,4260.0,0.0
train,Predicted,31173,4.067,31173,6940.0,0.0005860230547550432
train,Forecast,31173,4.926,31173,6940.0,0.0007097982708933717
test,Predicted,31173,6.791,31173,6940.0,0.0009785302593659942
test,Forecast,31173,8.301,31173,6940.0,0.0011961095100864554
train,Predicted,31169,31.799,31169,5228.0,0.006082440703902066
train,Forecast,31169,19.285,31169,5228.0,0.0036887911247130835
test,Predicted,31169,0.332,31169,5228.0,6.350420811017598e-05
test,Forecast,31169,0.331,31169,5228.0,6.331293037490436e-05
train,Predicted,31167,0.08,31167,6129.0,1.3052700277369881e-05
train,Forecast,31167,0.08,31167,6129.0,1.3052700277369881e-05
test,Predicted,31167,0.0,31167,6129.0,0.0
test,Forecast,31167,0.0,31167,6129.0,0.0
train,Predicted,31165,3.637,31165,1311.0,0.002774218154080854
train,Forecast,31165,3.638,31165,1311.0,0.002774980930587338
test,Predicted,31165,0.013,31165,1311.0,9.916094584286803e-06
test,Forecast,31165,0.018,31165,1311.0,1.3729977116704804e-05
train,Predicted,31163,5.764,31163,3152.0,0.0018286802030456854
train,Forecast,31163,5.768,31163,3152.0,0.0018299492385786802
test,Predicted,31163,0.065,31163,3152.0,2.0621827411167513e-05
test,Forecast,31163,0.047,31163,3152.0,1.4911167512690356e-05
train,Predicted,31097,16.605,31097,5217.0,0.0031828637147786084
train,Forecast,31097,21.309,31097,5217.0,0.004084531339850489
test,Predicted,31097,10.0,31097,5217.0,0.0019168104274487254
test,Forecast,31097,13.964,31097,5217.0,0.0026766340808894
train,Predicted,31161,13.51,31161,5469.0,0.0024702870725909674
train,Forecast,31161,13.519,31161,5469.0,0.0024719327116474676
test,Predicted,31161,31.458,31161,5469.0,0.005752057048820625
test,Forecast,31161,31.466,31161,5469.0,0.0057535198390930705
train,Predicted,31157,25.706,31157,36970.0,0.0006953205301595889
train,Forecast,31157,39.738,31157,36970.0,0.0010748715174465782
test,Predicted,31157,20.15,31157,36970.0,0.0005450365160941304
test,Forecast,31157,30.764,31157,36970.0,0.0008321341628347308
train,Predicted,31155,64.679,31155,20780.0,0.0031125601539942253
train,Forecast,31155,103.426,31155,20780.0,0.004977189605389798
test,Predicted,31155,71.845,31155,20780.0,0.0034574109720885465
test,Forecast,31155,109.812,31155,20780.0,0.005284504331087584
train,Predicted,31003,13.183,31003,6685.0,0.0019720269259536276
train,Forecast,31003,13.19,31003,6685.0,0.0019730740463724757
test,Predicted,31003,0.087,31003,6685.0,1.301421091997008e-05
test,Forecast,31003,0.087,31003,6685.0,1.301421091997008e-05
train,Predicted,31153,1253.082,31153,158840.0,0.007888957441450517
train,Forecast,31153,1315.01,31153,158840.0,0.008278834046839587
test,Predicted,31153,720.078,31153,158840.0,0.0045333543188113825
test,Forecast,31153,762.256,31153,158840.0,0.004798891966759002
train,Predicted,31151,28.346,31151,14200.0,0.0019961971830985917
train,Forecast,31151,21.842,31151,14200.0,0.001538169014084507
test,Predicted,31151,0.16,31151,14200.0,1.1267605633802817e-05
test,Forecast,31151,0.42,31151,14200.0,2.9577464788732392e-05
train,Predicted,31149,3.521,31149,1526.0,0.0023073394495412842
train,Forecast,31149,3.523,31149,1526.0,0.0023086500655307997
test,Predicted,31149,5.414,31149,1526.0,0.0035478374836173
test,Forecast,31149,5.416,31149,1526.0,0.0035491480996068157
train,Predicted,31147,65.057,31147,8363.0,0.007779146239387779
train,Forecast,31147,74.429,31147,8363.0,0.008899796723663757
test,Predicted,31147,21.431,31147,8363.0,0.0025625971541312926
test,Forecast,31147,28.73,31147,8363.0,0.0034353700825062775
train,Predicted,31159,14.144,31159,16750.0,0.0008444179104477612
train,Forecast,31159,22.712,31159,16750.0,0.0013559402985074626
test,Predicted,31159,10.593,31159,16750.0,0.0006324179104477612
test,Forecast,31159,17.547,31159,16750.0,0.001047582089552239
train,Predicted,31095,19.504,31095,7547.0,0.0025843381476083212
train,Forecast,31095,18.886,31095,7547.0,0.002502451305154366
test,Predicted,31095,0.139,31095,7547.0,1.8417914403074072e-05
test,Forecast,31095,0.376,31095,7547.0,4.982112097522194e-05
train,Predicted,31093,0.437,31093,6274.0,6.96525342684093e-05
train,Forecast,31093,0.437,31093,6274.0,6.96525342684093e-05
test,Predicted,31093,0.0,31093,6274.0,0.0
test,Forecast,31093,0.0,31093,6274.0,0.0
train,Predicted,31089,7.219,31089,10435.0,0.0006918064206995688
train,Forecast,31089,8.426,31089,10435.0,0.0008074748442740776
test,Predicted,31089,43.905,31089,10435.0,0.004207474844274078
test,Forecast,31089,45.68,31089,10435.0,0.004377575467177767
train,Predicted,31047,33.787,31047,24326.0,0.0013889254295815178
train,Forecast,31047,40.412,31047,24326.0,0.0016612677793307572
test,Predicted,31047,9.333,31047,24326.0,0.0003836635698429664
test,Forecast,31047,14.593,31047,24326.0,0.0005998931184740606
train,Predicted,31045,16.506,31045,9182.0,0.0017976475713352212
train,Forecast,31045,16.513,31045,9182.0,0.0017984099324765848
test,Predicted,31045,62.294,31045,9182.0,0.006784360705728599
test,Forecast,31045,62.31,31045,9182.0,0.006786103245480288
train,Predicted,31043,6.401,31043,21006.0,0.00030472246024945254
train,Forecast,31043,8.494,31043,21006.0,0.0004043606588593735
test,Predicted,31043,18.132,31043,21006.0,0.000863181948014853
test,Forecast,31043,24.723,31043,21006.0,0.001176949443016281
train,Predicted,31041,0.92,31041,10939.0,8.410275162263462e-05
train,Forecast,31041,0.92,31041,10939.0,8.410275162263462e-05
test,Predicted,31041,0.0,31041,10939.0,0.0
test,Forecast,31041,0.0,31041,10939.0,0.0
train,Predicted,31039,0.019,31039,9139.0,2.079002079002079e-06
train,Forecast,31039,0.019,31039,9139.0,2.079002079002079e-06
test,Predicted,31039,0.0,31039,9139.0,0.0
test,Forecast,31039,0.0,31039,9139.0,0.0
train,Predicted,31037,2.944,31037,10515.0,0.00027998097955301947
train,Forecast,31037,3.657,31037,10515.0,0.0003477888730385164
test,Predicted,31037,4.159,31037,10515.0,0.0003955301949595815
test,Forecast,31037,5.811,31037,10515.0,0.0005526390870185449
train,Predicted,31035,0.615,31035,6542.0,9.400794863955976e-05
train,Forecast,31035,0.616,31035,6542.0,9.416080709263222e-05
test,Predicted,31035,0.0,31035,6542.0,0.0
test,Forecast,31035,0.0,31035,6542.0,0.0
train,Predicted,31049,6.538,31049,1941.0,0.0033683668212261724
train,Forecast,31049,8.088,31049,1941.0,0.004166924265842349
test,Predicted,31049,2.831,31049,1941.0,0.0014585265327150953
test,Forecast,31049,4.133,31049,1941.0,0.002129314786192684
train,Predicted,31031,13.312,31031,5713.0,0.0023301242779625413
train,Forecast,31031,14.977,31031,5713.0,0.002621564852091721
test,Predicted,31031,0.719,31031,5713.0,0.00012585331699632417
test,Forecast,31031,1.152,31031,5713.0,0.00020164537020829685
train,Predicted,31027,4.679,31027,8852.0,0.0005285811116131948
train,Forecast,31027,4.681,31027,8852.0,0.0005288070492544057
test,Predicted,31027,0.937,31027,8852.0,0.00010585178490736557
test,Forecast,31027,0.938,31027,8852.0,0.00010596475372797107
train,Predicted,31025,182.535,31025,25241.0,0.007231686541737649
train,Forecast,31025,237.125,31025,25241.0,0.009394437621330375
test,Predicted,31025,189.188,31025,25241.0,0.007495265639237748
test,Forecast,31025,219.915,31025,25241.0,0.008712610435402718
train,Predicted,31023,0.174,31023,8395.0,2.0726622989874923e-05
train,Forecast,31023,0.219,31023,8395.0,2.608695652173913e-05
test,Predicted,31023,0.0,31023,8395.0,0.0
test,Forecast,31023,0.005,31023,8395.0,5.955926146515784e-07
train,Predicted,31021,12.273,31021,6858.0,0.001789588801399825
train,Forecast,31021,15.5,31021,6858.0,0.0022601341498979296
test,Predicted,31021,8.051,31021,6858.0,0.001173957421988918
test,Forecast,31021,11.1,31021,6858.0,0.0016185476815398076
train,Predicted,31019,56.533,31019,46102.0,0.0012262591644614117
train,Forecast,31019,69.482,31019,46102.0,0.001507136349832979
test,Predicted,31019,31.124,31019,46102.0,0.0006751117088195739
test,Forecast,31019,37.726,31019,46102.0,0.0008183159082035486
train,Predicted,31017,2.842,31017,3145.0,0.0009036565977742449
train,Forecast,31017,3.561,31017,3145.0,0.0011322734499205087
test,Predicted,31017,9.062,31017,3145.0,0.0028813990461049282
test,Forecast,31017,10.94,31017,3145.0,0.003478537360890302
train,Predicted,31015,5.948,31015,2099.0,0.0028337303477846596
train,Forecast,31015,8.25,31015,2099.0,0.00393044306812768
test,Predicted,31015,10.909,31015,2099.0,0.005197236779418771
test,Forecast,31015,19.1,31015,2099.0,0.009099571224392568
train,Predicted,31011,0.048,31011,5505.0,8.719346049046322e-06
train,Forecast,31011,0.048,31011,5505.0,8.719346049046322e-06
test,Predicted,31011,0.0,31011,5505.0,0.0
test,Forecast,31011,0.0,31011,5505.0,0.0
train,Predicted,31179,0.08,31179,9595.0,8.337675872850443e-06
train,Forecast,31179,0.08,31179,9595.0,8.337675872850443e-06
test,Predicted,31179,0.0,31179,9595.0,0.0
test,Forecast,31179,0.0,31179,9595.0,0.0
train,Predicted,31051,7.563,31051,6000.0,0.0012605
train,Forecast,31051,7.567,31051,6000.0,0.0012611666666666667
test,Predicted,31051,12.482,31051,6000.0,0.0020803333333333333
test,Forecast,31051,12.485,31051,6000.0,0.0020808333333333334
train,Predicted,31055,4770.903,31055,517110.0,0.009226089226663573
train,Forecast,31055,4847.969,31055,517110.0,0.009375121347488928
test,Predicted,31055,1247.986,31055,517110.0,0.0024133859333604073
test,Forecast,31055,1323.275,31055,517110.0,0.0025589816480052602
train,Predicted,31007,0.028,31007,690.0,4.0579710144927535e-05
train,Forecast,31007,0.029,31007,690.0,4.202898550724638e-05
test,Predicted,31007,0.028,31007,690.0,4.0579710144927535e-05
test,Forecast,31007,0.028,31007,690.0,4.0579710144927535e-05
train,Predicted,31087,0.026,31087,2908.0,8.940852819807428e-06
train,Forecast,31087,0.026,31087,2908.0,8.940852819807428e-06
test,Predicted,31087,0.0,31087,2908.0,0.0
test,Forecast,31087,0.0,31087,2908.0,0.0
train,Predicted,31085,0.026,31085,967.0,2.6887280248190277e-05
train,Forecast,31085,0.026,31085,967.0,2.6887280248190277e-05
test,Predicted,31085,0.0,31085,967.0,0.0
test,Forecast,31085,0.0,31085,967.0,0.0
train,Predicted,31083,10.709,31083,3423.0,0.003128542214431785
train,Forecast,31083,11.736,31083,3423.0,0.003428571428571429
test,Predicted,31083,9.667,31083,3423.0,0.002824130879345603
test,Forecast,31083,10.744,31083,3423.0,0.0031387671633070404
train,Predicted,31081,17.518,31081,9124.0,0.0019199912319158264
train,Forecast,31081,21.303,31081,9124.0,0.002334831214379658
test,Predicted,31081,16.419,31081,9124.0,0.0017995396755808857
test,Forecast,31081,20.914,31081,9124.0,0.002292196405085489
train,Predicted,31079,0.082,31079,58607.0,1.3991502721517908e-06
train,Forecast,31079,0.082,31079,58607.0,1.3991502721517908e-06
test,Predicted,31079,0.007,31079,58607.0,1.1943965737881141e-07
test,Forecast,31079,0.007,31079,58607.0,1.1943965737881141e-07
train,Predicted,31077,0.009,31077,2538.0,3.5460992907801415e-06
train,Forecast,31077,0.009,31077,2538.0,3.5460992907801415e-06
test,Predicted,31077,0.0,31077,2538.0,0.0
test,Forecast,31077,0.0,31077,2538.0,0.0
train,Predicted,31053,41.168,31053,36691.0,0.0011220190237387915
train,Forecast,31053,58.966,31053,36691.0,0.0016070971082826852
test,Predicted,31053,48.327,31053,36691.0,0.0013171349922324275
test,Forecast,31053,64.653,31053,36691.0,0.0017620942465454744
train,Predicted,31075,0.18,31075,614.0,0.00029315960912052114
train,Forecast,31075,0.18,31075,614.0,0.00029315960912052114
test,Predicted,31075,0.0,31075,614.0,0.0
test,Forecast,31075,0.0,31075,614.0,0.0
train,Predicted,31069,5.03,31069,2057.0,0.0024453087019931942
train,Forecast,31069,7.257,31069,2057.0,0.0035279533300923674
test,Predicted,31069,7.295,31069,2057.0,0.0035464268351968887
test,Forecast,31069,11.506,31069,2057.0,0.005593582887700535
train,Predicted,31067,53.424,31067,22311.0,0.0023945139169019767
train,Forecast,31067,37.087,31067,22311.0,0.0016622742145130207
test,Predicted,31067,4.884,31067,22311.0,0.00021890547263681595
test,Forecast,31067,1.906,31067,22311.0,8.542871229438393e-05
train,Predicted,31065,1.511,31065,4959.0,0.00030469852792901794
train,Forecast,31065,1.993,31065,4959.0,0.00040189554345634203
test,Predicted,31065,6.785,31065,4959.0,0.0013682193990723936
test,Forecast,31065,9.28,31065,4959.0,0.001871345029239766
train,Predicted,31063,0.077,31063,2756.0,2.7939042089985487e-05
train,Forecast,31063,0.078,31063,2756.0,2.830188679245283e-05
test,Predicted,31063,0.0,31063,2756.0,0.0
test,Forecast,31063,0.0,31063,2756.0,0.0
train,Predicted,31061,0.055,31061,3225.0,1.7054263565891473e-05
train,Forecast,31061,0.055,31061,3225.0,1.7054263565891473e-05
test,Predicted,31061,0.0,31061,3225.0,0.0
test,Forecast,31061,0.0,31061,3225.0,0.0
train,Predicted,31009,0.103,31009,478.0,0.00021548117154811713
train,Forecast,31009,0.103,31009,478.0,0.00021548117154811713
test,Predicted,31009,0.0,31009,478.0,0.0
test,Forecast,31009,0.0,31009,478.0,0.0
train,Predicted,31059,7.045,31059,5890.0,0.001196095076400679
train,Forecast,31059,7.046,31059,5890.0,0.0011962648556876061
test,Predicted,31059,0.726,31059,5890.0,0.0001232597623089983
test,Forecast,31059,0.728,31059,5890.0,0.00012359932088285228
train,Predicted,31073,0.922,31073,2044.0,0.00045107632093933464
train,Forecast,31073,0.923,31073,2044.0,0.0004515655577299413
test,Predicted,31073,0.0,31073,2044.0,0.0
test,Forecast,31073,0.0,31073,2044.0,0.0
train,Predicted,31185,25.71,31185,13665.0,0.0018814489571899013
train,Forecast,31185,36.482,31185,13665.0,0.0026697402122210024
test,Predicted,31185,7.384,31185,13665.0,0.0005403585803146725
test,Forecast,31185,11.607,31185,13665.0,0.0008493962678375411
train,Predicted,31013,0.0,31013,11308.0,0.0
train,Forecast,31013,0.0,31013,11308.0,0.0
test,Predicted,31013,0.0,31013,11308.0,0.0
test,Forecast,31013,0.0,31013,11308.0,0.0
