data,type,fips,RMSE,FIPS,Population,Relative RMSE
train,Predicted,41001,106.624,41001,16134.0,0.006608652535019213
train,Forecast,41001,118.506,41001,16134.0,0.0073451097062104875
test,Predicted,41001,17.219,41001,16134.0,0.0010672492872195365
test,Forecast,41001,23.717,41001,16134.0,0.0014700012396181975
train,Predicted,41021,6.575,41021,1871.0,0.0035141635489043294
train,Forecast,41021,9.887,41021,1871.0,0.005284339925173704
test,Predicted,41021,6.192,41021,1871.0,0.0033094601817210047
test,Forecast,41021,8.244,41021,1871.0,0.0044061998931052915
train,Predicted,41003,302.84,41003,85579.0,0.0035387186108741626
train,Forecast,41003,328.741,41003,85579.0,0.0038413746363009614
test,Predicted,41003,108.815,41003,85579.0,0.0012715152081702286
test,Forecast,41003,121.294,41003,85579.0,0.0014173336916766964
train,Predicted,41017,250.615,41017,157733.0,0.0015888558513437265
train,Forecast,41017,294.468,41017,157733.0,0.0018668763036270154
test,Predicted,41017,86.664,41017,157733.0,0.0005494348043846247
test,Forecast,41017,109.824,41017,157733.0,0.0006962652076610475
train,Predicted,41061,111.562,41061,25748.0,0.004332841385738698
train,Forecast,41061,139.353,41061,25748.0,0.00541218735435762
test,Predicted,41061,8.878,41061,25748.0,0.00034480347988193256
test,Forecast,41061,13.728,41061,25748.0,0.0005331676246698772
train,Predicted,41037,16.501,41037,7895.0,0.0020900569981000634
train,Forecast,41037,20.384,41037,7895.0,0.0025818872704243194
test,Predicted,41037,7.533,41037,7895.0,0.0009541481950601647
test,Forecast,41037,9.939,41037,7895.0,0.001258898036732109
train,Predicted,41027,43.424,41027,22346.0,0.0019432560637250515
train,Forecast,41027,57.025,41027,22346.0,0.0025519108565291325
test,Predicted,41027,34.972,41027,22346.0,0.0015650228228765775
test,Forecast,41027,41.157,41027,22346.0,0.0018418061398013065
train,Predicted,41055,31.022,41055,1765.0,0.017576203966005666
train,Forecast,41055,36.85,41055,1765.0,0.020878186968838527
test,Predicted,41055,13.325,41055,1765.0,0.007549575070821529
test,Forecast,41055,16.579,41055,1765.0,0.009393201133144477
train,Predicted,41033,413.61,41033,82713.0,0.005000544049907511
train,Forecast,41033,497.267,41033,82713.0,0.006011957007967308
test,Predicted,41033,238.659,41033,82713.0,0.0028853868194842406
test,Forecast,41033,271.827,41033,82713.0,0.0032863878713140617
train,Predicted,41051,5177.684,41051,735334.0,0.007041268321606236
train,Forecast,41051,5370.108,41051,735334.0,0.0073029507679503464
test,Predicted,41051,864.565,41051,735334.0,0.0011757446276113984
test,Forecast,41051,1133.086,41051,735334.0,0.0015409133808582222
train,Predicted,41067,948.691,41067,529710.0,0.0017909629797436333
train,Forecast,41067,1024.304,41067,529710.0,0.0019337071227652869
test,Predicted,41067,1404.324,41067,529710.0,0.0026511185365577393
test,Forecast,41067,1462.107,41067,529710.0,0.0027602027524494532
train,Predicted,41007,300.954,41007,37039.0,0.008125327357650045
train,Forecast,41007,381.981,41007,37039.0,0.01031294041415805
test,Predicted,41007,133.338,41007,37039.0,0.0035999352034342177
test,Forecast,41007,186.098,41007,37039.0,0.005024379707875483
train,Predicted,41047,6330.802,41047,315335.0,0.02007643299982558
train,Forecast,41047,6451.476,41047,315335.0,0.020459118080771242
test,Predicted,41047,520.872,41047,315335.0,0.0016518052230167916
test,Forecast,41047,641.871,41047,315335.0,0.002035520953906163
train,Predicted,41031,115.338,41031,21720.0,0.005310220994475138
train,Forecast,41031,139.975,41031,21720.0,0.0064445211786372004
test,Predicted,41031,78.254,41031,21720.0,0.0036028545119705345
test,Forecast,41031,84.9,41031,21720.0,0.003908839779005525
train,Predicted,41015,307.545,41015,22364.0,0.013751788588803434
train,Forecast,41015,288.205,41015,22364.0,0.012887005902343051
test,Predicted,41015,28.843,41015,22364.0,0.0012897066714362367
test,Forecast,41015,22.294,41015,22364.0,0.0009968699695939904
train,Predicted,41063,35.726,41063,7008.0,0.005097888127853881
train,Forecast,41063,42.995,41063,7008.0,0.006135131278538812
test,Predicted,41063,11.223,41063,7008.0,0.001601455479452055
test,Forecast,41063,15.399,41063,7008.0,0.002197345890410959
train,Predicted,41065,18.133,41065,25213.0,0.0007191924800698052
train,Forecast,41065,26.944,41065,25213.0,0.0010686550588981875
test,Predicted,41065,42.18,41065,25213.0,0.0016729464958553128
test,Forecast,41065,47.806,41065,25213.0,0.0018960853527941934
train,Predicted,41011,203.949,41011,63043.0,0.0032350776454166206
train,Forecast,41011,250.652,41011,63043.0,0.003975889472264962
test,Predicted,41011,123.654,41011,63043.0,0.001961423155623939
test,Forecast,41011,152.561,41011,63043.0,0.002419951461700744
train,Predicted,41057,546.295,41057,25250.0,0.021635445544554453
train,Forecast,41057,561.141,41057,25250.0,0.02222340594059406
test,Predicted,41057,8.238,41057,25250.0,0.0003262574257425742
test,Forecast,41057,9.545,41057,25250.0,0.000378019801980198
train,Predicted,41023,53.335,41023,7445.0,0.007163868368032236
train,Forecast,41023,53.364,41023,7445.0,0.007167763599731363
test,Predicted,41023,0.594,41023,7445.0,7.978509066487575e-05
test,Forecast,41023,0.589,41023,7445.0,7.911349899261249e-05
train,Predicted,41009,1.992,41009,49351.0,4.03639237300156e-05
train,Forecast,41009,3.363,41009,49351.0,6.814451581528236e-05
test,Predicted,41009,0.847,41009,49351.0,1.7162772790824906e-05
test,Forecast,41009,1.785,41009,49351.0,3.6169479848432655e-05
train,Predicted,41071,532.75,41071,99193.0,0.005370842700593792
train,Forecast,41071,606.37,41071,99193.0,0.006113032169608743
test,Predicted,41071,202.161,41071,99193.0,0.0020380571209661974
test,Forecast,41071,241.559,41071,99193.0,0.002435242406218181
train,Predicted,41025,16.797,41025,7422.0,0.002263136620856912
train,Forecast,41025,20.586,41025,7422.0,0.0027736459175424413
test,Predicted,41025,1.95,41025,7422.0,0.00026273241713823764
test,Forecast,41025,3.165,41025,7422.0,0.00042643492320129346
train,Predicted,41045,120.135,41045,31313.0,0.0038365854437454093
train,Forecast,41045,131.861,41045,31313.0,0.004211062498004023
test,Predicted,41045,16.204,41045,31313.0,0.0005174847507425031
test,Forecast,41045,21.676,41045,31313.0,0.0006922364513141506
train,Predicted,41041,807.527,41041,46034.0,0.017541968979449974
train,Forecast,41041,844.31,41041,46034.0,0.018341008819568145
test,Predicted,41041,36.901,41041,46034.0,0.0008016031628796107
test,Forecast,41041,58.659,41041,46034.0,0.0012742538123995308
train,Predicted,41013,93.48,41013,20978.0,0.004456096863380684
train,Forecast,41013,120.121,41013,20978.0,0.005726046334254934
test,Predicted,41013,50.897,41013,20978.0,0.0024262084088092287
test,Forecast,41013,59.333,41013,20978.0,0.002828343979406998
train,Predicted,41029,933.167,41029,203206.0,0.004592221686367528
train,Forecast,41029,1035.078,41029,203206.0,0.005093737389644006
test,Predicted,41029,89.423,41029,203206.0,0.00044006082497564047
test,Forecast,41029,134.681,41029,203206.0,0.0006627806265563026
train,Predicted,41053,968.944,41053,75403.0,0.012850204899009322
train,Forecast,41053,1012.019,41053,75403.0,0.013421468641831228
test,Predicted,41053,103.429,41053,75403.0,0.0013716828242908107
test,Forecast,41053,128.93,41053,75403.0,0.0017098789172844582
train,Predicted,41005,7044.265,41005,375992.0,0.018735145960552355
train,Forecast,41005,7185.551,41005,375992.0,0.019110914593927532
test,Predicted,41005,1242.106,41005,375992.0,0.0033035436924189875
test,Forecast,41005,1393.181,41005,375992.0,0.003705347454201153
train,Predicted,41043,544.142,41043,116672.0,0.0046638610806363145
train,Forecast,41043,606.913,41043,116672.0,0.00520187362863412
test,Predicted,41043,91.73,41043,116672.0,0.0007862212013165112
test,Forecast,41043,117.292,41043,116672.0,0.0010053140427866154
train,Predicted,41059,265.862,41059,75889.0,0.003503300873644402
train,Forecast,41059,331.246,41059,75889.0,0.004364875014824282
test,Predicted,41059,114.013,41059,75889.0,0.0015023652966833138
test,Forecast,41059,154.981,41059,75889.0,0.0020422063803713316
train,Predicted,41019,231.485,41019,107667.0,0.0021500088235020943
train,Forecast,41019,254.627,41019,107667.0,0.002364949334522184
test,Predicted,41019,1069.686,41019,107667.0,0.009935133327760595
test,Forecast,41019,1099.122,41019,107667.0,0.010208531862130459
train,Predicted,41039,663.581,41039,351715.0,0.0018867008799738425
train,Forecast,41039,723.095,41039,351715.0,0.0020559117467267535
test,Predicted,41039,123.28,41039,351715.0,0.00035051106719929487
test,Forecast,41039,150.091,41039,351715.0,0.0004267404006084472
train,Predicted,41049,128.465,41049,11173.0,0.011497807213819029
train,Forecast,41049,145.684,41049,11173.0,0.013038933142396849
test,Predicted,41049,19.209,41049,11173.0,0.0017192338673588114
test,Forecast,41049,26.516,41049,11173.0,0.0023732211581491093
train,Predicted,41035,121.052,41035,66380.0,0.0018236215727628804
train,Forecast,41035,155.649,41035,66380.0,0.002344817716179572
test,Predicted,41035,56.026,41035,66380.0,0.0008440192829165412
test,Forecast,41035,77.493,41035,66380.0,0.001167414884001205
